25.03.14_100_0001_0001.JPG,37.2995398055556,127.029078194444,146.334,-20.2367,-22.6312,-133.773,0.014305,0.02789
25.03.14_100_0001_0002.JPG,37.2994963055556,127.029160388889,146.28,-17.6236,-24.6774,-127.267,0.014515,0.02874
25.03.14_100_0001_0003.JPG,37.2994516666667,127.029242833333,146.273,-17.5358,-24.7378,-127.057,0.014245,0.02799
25.03.14_100_0001_0004.JPG,37.2994082222222,127.029325777778,146.29,-17.8416,-24.5251,-127.79,0.01383,0.02741
25.03.14_100_0001_0005.JPG,37.2993646944444,127.029407416667,146.297,-17.8416,-24.5252,-127.79,0.014065,0.02723
25.03.14_100_0001_0006.JPG,37.2993208333333,127.029489944444,146.294,-17.7981,-24.5558,-127.685,0.013915,0.02716
25.03.14_100_0001_0007.JPG,37.2992978611111,127.029580416667,146.273,-3.90046,-29.7688,-97.8191,0.01372,0.02706
25.03.14_100_0001_0008.JPG,37.2992950555556,127.029679861111,146.276,-0.0473511,-30,-90.0947,0.013565,0.027
25.03.14_100_0001_0009.JPG,37.2992941666667,127.029777944444,146.264,-0.451439,-29.9969,-90.9029,0.013925,0.0272
25.03.14_100_0001_0010.JPG,37.2993238611111,127.029754166667,146.26,20.7004,22.2117,45.0115,0.01687,0.03388
25.03.14_100_0001_0011.JPG,37.2993666666667,127.029673916667,146.249,18.4,24.1209,50.8541,0.01205,0.02203
25.03.14_100_0001_0012.JPG,37.2993704444444,127.029664777778,146.217,17.8849,24.4945,52.1054,0.012635,0.02279
25.03.14_100_0001_0013.JPG,37.2994154722222,127.02958325,146.27,18.1008,24.3401,51.5831,0.01277,0.02311
25.03.14_100_0001_0014.JPG,37.2994589722222,127.029501472222,146.245,18.0578,24.3711,51.6874,0.01118,0.02084
25.03.14_100_0001_0015.JPG,37.2994730555556,127.029475583333,146.223,17.7981,24.5558,52.3145,0.01258,0.02253
25.03.14_100_0001_0016.JPG,37.2995169166667,127.029395055556,146.249,17.885,24.4945,52.1052,0.01204,0.02199
25.03.14_100_0001_0017.JPG,37.299561,127.029311138889,146.275,18.0147,24.402,51.7916,0.011875,0.0218
25.03.14_100_0001_0018.JPG,37.2996046944444,127.029229916667,146.275,17.9283,24.4637,52.0005,0.011785,0.02196
25.03.14_100_0001_0019.JPG,37.2996488333333,127.029148416667,146.267,18.0148,24.402,51.7915,0.011605,0.02147
25.03.14_100_0001_0020.JPG,37.2997112222222,127.0291105,146.279,29.9928,-0.691129,-1.19722,0.011535,0.02141
25.03.14_100_0001_0021.JPG,37.2997879166667,127.029118722222,146.234,29.7149,-4.3287,-7.53351,0.011405,0.02194
25.03.14_100_0001_0022.JPG,37.2997715555556,127.029187472222,146.247,-15.8623,-25.8014,-123.138,0.0117,0.02182
25.03.14_100_0001_0023.JPG,37.2997299444444,127.029270305556,146.266,-17.4037,-24.8279,-126.741,0.01067,0.02045
25.03.14_100_0001_0024.JPG,37.2996858888889,127.029352916667,146.276,-17.5358,-24.7378,-127.057,0.010945,0.02131
25.03.14_100_0001_0025.JPG,37.2996411388889,127.029438583333,146.288,-17.7109,-24.6168,-127.476,0.009805,0.018
25.03.14_100_0001_0026.JPG,37.2995986388889,127.029517111111,146.307,-17.9283,-24.4638,-127.999,0.012085,0.02275
25.03.14_100_0001_0027.JPG,37.2995544722222,127.029598833333,146.288,-17.7545,-24.5863,-127.581,0.010805,0.0212
25.03.14_100_0001_0028.JPG,37.2995103611111,127.029682166667,146.316,-18.2294,-24.2466,-128.73,0.011035,0.02104
25.03.14_100_0001_0029.JPG,37.2994651666667,127.029763916667,146.268,-17.9282,-24.4638,-127.999,0.011755,0.02361
25.03.14_100_0001_0030.JPG,37.2994208055556,127.029846027778,146.302,-17.798,-24.5558,-127.685,0.011555,0.02162
25.03.14_100_0001_0031.JPG,37.299376,127.029927972222,146.216,-17.2708,-24.9174,-126.425,0.01235,0.0274
25.03.14_100_0001_0032.JPG,37.2993316666667,127.030008638889,146.245,-17.7979,-24.5559,-127.685,0.013215,0.02648
25.03.14_100_0001_0033.JPG,37.2992899166667,127.030088694444,146.257,-17.5356,-24.738,-127.056,0.022185,0.03604
25.03.14_100_0001_0034.JPG,37.2992901944444,127.030191,146.312,-1.20143,-29.9782,-92.4034,0.01118,0.02144
25.03.14_100_0001_0035.JPG,37.2992910555556,127.030290305556,146.272,-0.508984,-29.9961,-91.018,0.012575,0.02248
25.03.14_100_0001_0036.JPG,37.2992928611111,127.03035975,146.243,25.7214,-7.08093,-16.1503,0.010675,0.02075
25.03.14_100_0001_0037.JPG,37.2993370833333,127.03027475,146.299,19.5605,23.2101,47.9636,0.01084,0.02084
25.03.14_100_0001_0038.JPG,37.2993796944444,127.030190638889,146.244,18.3147,24.184,51.0625,0.011215,0.02116
25.03.14_100_0001_0039.JPG,37.2994253611111,127.030109472222,146.273,17.9713,24.4331,51.8966,0.01112,0.0211
25.03.14_100_0001_0040.JPG,37.29947025,127.0300285,146.296,17.9714,24.433,51.8965,0.01091,0.02088
25.03.14_100_0001_0041.JPG,37.2995145,127.029943972222,146.281,18.0577,24.3712,51.6876,0.010855,0.02081
25.03.14_100_0001_0042.JPG,37.2995565555556,127.029863472222,146.281,17.8848,24.4946,52.1055,0.010785,0.02032
25.03.14_100_0001_0043.JPG,37.2995989444444,127.02978175,146.26,18.0146,24.4021,51.7919,0.011175,0.021
25.03.14_100_0001_0044.JPG,37.2996448611111,127.029699611111,146.297,17.9715,24.433,51.8963,0.01099,0.02082
25.03.14_100_0001_0045.JPG,37.2996893888889,127.029616611111,146.289,18.0147,24.4021,51.7918,0.01083,0.02066
25.03.14_100_0001_0046.JPG,37.2997336388889,127.029534166667,146.296,17.9715,24.4329,51.8962,0.010955,0.02131
25.03.14_100_0001_0047.JPG,37.2997783611111,127.02945125,146.229,17.9283,24.4638,52.0007,0.010915,0.02039
25.03.14_100_0001_0048.JPG,37.299821,127.029368388889,146.261,17.7546,24.5863,52.4191,0.01119,0.02107
25.03.14_100_0001_0049.JPG,37.2998647222222,127.029288722222,146.275,17.8416,24.5251,52.2097,0.01132,0.02274
25.03.14_100_0001_0050.JPG,37.2999076944444,127.029207833333,146.269,18.2296,24.2465,51.2701,0.010925,0.02133
25.03.14_100_0001_0051.JPG,37.2999469444444,127.029174166667,146.217,26.638,-14.3353,-26.2718,0.011245,0.02099
25.03.14_100_0001_0052.JPG,37.2999889166667,127.029260583333,146.273,16.3859,-25.4861,-55.6525,0.01125,0.02096
25.03.14_100_0001_0053.JPG,37.299976,127.02934675,146.244,-15.6757,-25.9102,-122.71,0.01081,0.02051
25.03.14_100_0001_0054.JPG,37.2999349722222,127.029428944444,146.267,-17.6673,-24.6471,-127.371,0.010795,0.02055
25.03.14_100_0001_0055.JPG,37.2998901666667,127.029511722222,146.258,-17.6235,-24.6775,-127.266,0.010465,0.02016
25.03.14_100_0001_0056.JPG,37.29984525,127.029595111111,146.277,-17.5796,-24.7077,-127.161,0.01058,0.02035
25.03.14_100_0001_0057.JPG,37.2998040555556,127.029677027778,146.284,-17.798,-24.5558,-127.685,0.010595,0.02063
25.03.14_100_0001_0058.JPG,37.2997598333333,127.02976175,146.285,-17.5796,-24.7078,-127.161,0.01039,0.02044
25.03.14_100_0001_0059.JPG,37.2997164722222,127.029842777778,146.303,-17.6671,-24.6472,-127.371,0.010835,0.0206
25.03.14_100_0001_0060.JPG,37.2996721388889,127.029924972222,146.305,-17.8848,-24.4946,-127.894,0.011005,0.02081
25.03.14_100_0001_0061.JPG,37.2996291666667,127.030004083333,146.279,-17.8848,-24.4946,-127.894,0.01118,0.02252
25.03.14_100_0001_0062.JPG,37.2995844444444,127.030086416667,146.249,-17.6671,-24.6473,-127.371,0.011515,0.02114
25.03.14_100_0001_0063.JPG,37.29953975,127.030168722222,146.319,-17.7107,-24.6169,-127.476,0.010905,0.02067
25.03.14_100_0001_0064.JPG,37.2994964444444,127.030251416667,146.291,-17.7543,-24.5865,-127.58,0.010895,0.02081
25.03.14_100_0001_0065.JPG,37.2994515555556,127.03033275,146.226,-17.928,-24.4639,-127.999,0.011005,0.02113
25.03.14_100_0001_0066.JPG,37.29940675,127.030415583333,146.248,-17.7543,-24.5865,-127.58,0.010795,0.02093
25.03.14_100_0001_0067.JPG,37.2993624722222,127.030496555556,146.279,-17.7978,-24.556,-127.685,0.010695,0.0208
25.03.14_100_0001_0068.JPG,37.2993203611111,127.030576,146.299,-17.7978,-24.556,-127.685,0.011125,0.02088
25.03.14_100_0001_0069.JPG,37.2992895,127.030664583333,146.303,-6.89023,-29.27,-103.883,0.011525,0.02165
25.03.14_100_0001_0070.JPG,37.2993301388889,127.030749416667,146.28,14.6483,-26.4761,-59.6175,0.011745,0.02143
25.03.14_100_0001_0071.JPG,37.2993713333333,127.030751777778,146.268,22.7174,20.1388,39.4326,0.011225,0.02104
25.03.14_100_0001_0072.JPG,37.2994158055556,127.03067375,146.274,18.1864,24.278,51.3752,0.012415,0.02202
25.03.14_100_0001_0073.JPG,37.2994584166667,127.030592777778,146.252,17.9712,24.4331,51.8969,0.01123,0.02117
25.03.14_100_0001_0074.JPG,37.29950325,127.030512222222,146.265,17.8847,24.4947,52.1059,0.011495,0.02121
25.03.14_100_0001_0075.JPG,37.2995467777778,127.030428388889,146.31,17.928,24.4639,52.0013,0.010815,0.02053
25.03.14_100_0001_0076.JPG,37.2995908611111,127.030345555556,146.306,17.8847,24.4947,52.1058,0.010595,0.02054
25.03.14_100_0001_0077.JPG,37.2996345277778,127.030263666667,146.238,18.0576,24.3712,51.6878,0.011235,0.02128
25.03.14_100_0001_0078.JPG,37.2996782222222,127.030181472222,146.263,18.0145,24.4022,51.7922,0.011095,0.02087
25.03.14_100_0001_0079.JPG,37.2997216666667,127.03009825,146.301,18.1007,24.3402,51.5834,0.011125,0.02091
25.03.14_100_0001_0080.JPG,37.2997653333333,127.03001675,146.337,18.0577,24.3712,51.6877,0.01079,0.02053
25.03.14_100_0001_0081.JPG,37.2998095833333,127.029935888889,146.295,18.0577,24.3712,51.6876,0.01128,0.02097
25.03.14_100_0001_0082.JPG,37.2998536111111,127.029853416667,146.325,18.1866,24.2778,51.3747,0.01086,0.02066
25.03.14_100_0001_0083.JPG,37.2998984722222,127.029771527778,146.289,18.1008,24.3401,51.5832,0.011605,0.02171
25.03.14_100_0001_0084.JPG,37.2999398055556,127.029689055556,146.245,17.9282,24.4638,52.0008,0.010915,0.02049
25.03.14_100_0001_0085.JPG,37.2999831944444,127.029606722222,146.228,18.0147,24.4021,51.7918,0.01071,0.02029
25.03.14_100_0001_0086.JPG,37.3000280555556,127.029524638889,146.274,17.9282,24.4638,52.0007,0.011225,0.02103
25.03.14_100_0001_0087.JPG,37.3000545277778,127.029566722222,146.271,10.9703,-28.0977,-67.629,0.010495,0.02009
25.03.14_100_0001_0088.JPG,37.3000740555556,127.029660166667,146.245,8.34477,-28.9204,-73.1265,0.01463,0.02785
25.03.14_100_0001_0089.JPG,37.3000553888889,127.0297475,146.275,-15.9086,-25.7742,-123.244,0.010995,0.02039
25.03.14_100_0001_0090.JPG,37.3000126111111,127.029830805556,146.304,-17.798,-24.5558,-127.685,0.010745,0.02057
25.03.14_100_0001_0091.JPG,37.2999687777778,127.029911805556,146.297,-17.6671,-24.6472,-127.371,0.011055,0.02076
25.03.14_100_0001_0092.JPG,37.2999266944444,127.029995361111,146.269,-17.7108,-24.6169,-127.476,0.01084,0.02042
25.03.14_100_0001_0093.JPG,37.2998802777778,127.030079444444,146.313,-18.0145,-24.4022,-128.208,0.01114,0.02056
25.03.14_100_0001_0094.JPG,37.2998359444444,127.030160972222,146.251,-17.7979,-24.5559,-127.685,0.011275,0.02065
25.03.14_100_0001_0095.JPG,37.2997925555556,127.03024325,146.285,-17.8847,-24.4946,-127.894,0.01074,0.02017
25.03.14_100_0001_0096.JPG,37.2997469444444,127.030321444444,146.297,-17.8847,-24.4947,-127.894,0.01059,0.02005
25.03.14_100_0001_0097.JPG,37.2997030555556,127.030405277778,146.283,-17.4475,-24.7982,-126.846,0.01062,0.02036
25.03.14_100_0001_0098.JPG,37.2996598055556,127.030488722222,146.245,-17.8413,-24.5254,-127.79,0.01051,0.02028
25.03.14_100_0001_0099.JPG,37.2996160555556,127.030567638889,146.278,-17.7542,-24.5865,-127.58,0.01081,0.02037
25.03.14_100_0001_0100.JPG,37.2995729722222,127.030649916667,146.295,-17.8412,-24.5254,-127.789,0.011345,0.02084
25.03.14_100_0001_0101.JPG,37.2995284722222,127.030731083333,146.272,-17.7106,-24.617,-127.475,0.011195,0.02082
25.03.14_100_0001_0102.JPG,37.2995320833333,127.03078525,146.246,27.9388,-11.398,-20.4372,0.011155,0.02098
25.03.14_100_0001_0103.JPG,37.2996094722222,127.030777,146.231,29.998,0.359318,0.622378,0.012115,0.0214
25.03.14_100_0001_0104.JPG,37.2996718333333,127.030737888889,146.276,21.153,21.7833,43.8033,0.011325,0.02121
25.03.14_100_0001_0105.JPG,37.2997171666667,127.030656305556,146.281,17.7542,24.5865,52.42,0.01133,0.02084
25.03.14_100_0001_0106.JPG,37.2997603888889,127.03057425,146.311,17.7978,24.556,52.3152,0.010985,0.02111
25.03.14_100_0001_0107.JPG,37.2998027222222,127.030492027778,146.28,18.0575,24.3713,51.688,0.01154,0.02176
25.03.14_100_0001_0108.JPG,37.2998458055556,127.030406611111,146.233,17.8847,24.4947,52.1058,0.011765,0.02262
25.03.14_100_0001_0109.JPG,37.2998905277778,127.030324694444,146.27,18.1436,24.3091,51.4792,0.01119,0.02211
25.03.14_100_0001_0110.JPG,37.2999340555556,127.030242972222,146.271,17.8413,24.5253,52.2103,0.011645,0.021
25.03.14_100_0001_0111.JPG,37.2999805555556,127.030159861111,146.252,17.7544,24.5864,52.4196,0.011105,0.02047
25.03.14_100_0001_0112.JPG,37.3000229166667,127.030084055556,146.307,18.1007,24.3402,51.5834,0.01101,0.02032
25.03.14_100_0001_0113.JPG,37.3000650277778,127.030001944444,146.246,18.4847,24.0577,50.6465,0.01267,0.02339
25.03.14_100_0001_0114.JPG,37.30010975,127.029918833333,146.28,18.0146,24.4021,51.792,0.01134,0.02062
25.03.14_100_0001_0115.JPG,37.3001333888889,127.0299765,146.227,10.2848,-28.3374,-69.0788,0.010665,0.02007
25.03.14_100_0001_0116.JPG,37.3001535555556,127.030069166667,146.259,8.39955,-28.9058,-73.0132,0.010225,0.01968
25.03.14_100_0001_0117.JPG,37.3001276666667,127.030156416667,146.296,-16.5519,-25.3829,-124.734,0.010505,0.02007
25.03.14_100_0001_0118.JPG,37.3000858055556,127.03023925,146.317,-17.667,-24.6473,-127.371,0.010855,0.02013
25.03.14_100_0001_0119.JPG,37.3000408055556,127.030321361111,146.306,-17.7107,-24.6169,-127.475,0.010695,0.01994
25.03.14_100_0001_0120.JPG,37.2999978611111,127.030404055556,146.293,-17.7543,-24.5865,-127.58,0.01105,0.02017
25.03.14_100_0001_0121.JPG,37.2999526944444,127.030486305556,146.274,-18.0575,-24.3713,-128.312,0.01139,0.02059
25.03.14_100_0001_0122.JPG,37.2999082777778,127.030567194444,146.258,-17.7542,-24.5865,-127.58,0.011685,0.02303
25.03.14_100_0001_0123.JPG,37.2998641388889,127.030648833333,146.273,-17.7542,-24.5865,-127.58,0.011905,0.02277
25.03.14_100_0001_0124.JPG,37.2998226388889,127.030730472222,146.293,-17.8846,-24.4947,-127.894,0.011745,0.02327
25.03.14_100_0001_0125.JPG,37.2998521944444,127.030760805556,146.211,29.9207,-2.28885,-3.96969,0.01095,0.02136
25.03.14_100_0001_0126.JPG,37.2999265277778,127.030758055556,146.261,29.976,1.25902,2.18156,0.011495,0.02303
25.03.14_100_0001_0127.JPG,37.2999811111111,127.030696805556,146.293,20.2754,22.5969,46.1267,0.01236,0.02394
25.03.14_100_0001_0128.JPG,37.3000276388889,127.030615722222,146.268,18.3146,24.184,51.0627,0.01165,0.02299
25.03.14_100_0001_0129.JPG,37.3000720833333,127.030533805556,146.313,17.928,24.464,52.0014,0.011685,0.02258
25.03.14_100_0001_0130.JPG,37.3001163611111,127.030452916667,146.262,17.928,24.4639,52.0013,0.010905,0.02167
25.03.14_100_0001_0131.JPG,37.30015925,127.030371722222,146.272,17.7978,24.5559,52.3151,0.011065,0.0219
25.03.14_100_0001_0132.JPG,37.3001898611111,127.030300277778,146.249,-6.75202,25.1166,111.56,0.011185,0.02087
25.03.14_100_0001_0133.JPG,37.3001219444444,127.030350083333,146.289,-27.5012,-12.4852,-157.448,0.011285,0.02054
25.03.14_100_0001_0134.JPG,37.3000521388889,127.030396638889,146.269,-27.0926,-13.4025,-155.625,0.01083,0.02046
25.03.14_100_0001_0135.JPG,37.2999809444444,127.030441277778,146.245,-27.1349,-13.3114,-155.808,0.010995,0.02007
25.03.14_100_0001_0136.JPG,37.2999109722222,127.030487444444,146.257,-27.0714,-13.4481,-155.533,0.010935,0.02119
25.03.14_100_0001_0137.JPG,37.2998409722222,127.030532583333,146.286,-27.0926,-13.4025,-155.625,0.01064,0.0215
25.03.14_100_0001_0138.JPG,37.2997712222222,127.030575861111,146.269,-26.9422,-13.7205,-154.983,0.01096,0.0222
25.03.14_100_0001_0139.JPG,37.2997029166667,127.030625388889,146.33,-27.1349,-13.3114,-155.807,0.01122,0.02225
25.03.14_100_0001_0140.JPG,37.2996326944444,127.030670166667,146.297,-27.1768,-13.2201,-155.99,0.011305,0.02134
25.03.14_100_0001_0141.JPG,37.2995628888889,127.030715027778,146.29,-26.9856,-13.6299,-155.166,0.01074,0.02035
25.03.14_100_0001_0142.JPG,37.2994943611111,127.030717138889,146.244,-27.6438,12.1441,158.117,0.01076,0.02046
25.03.14_100_0001_0143.JPG,37.2994263055556,127.030664444444,146.247,-25.4238,16.4864,149.162,0.0114,0.02065
25.03.14_100_0001_0144.JPG,37.2993615,127.030610527778,146.263,-25.4771,16.4005,149.35,0.01065,0.02
25.03.14_100_0001_0145.JPG,37.2992948888889,127.030555194444,146.264,-25.609,16.1849,149.82,0.01165,0.02078
25.03.14_100_0001_0146.JPG,37.2992383333333,127.030493777778,146.296,-21.4989,21.4425,137.136,0.010995,0.02073
25.03.14_100_0001_0147.JPG,37.2992428333333,127.030394,146.295,-0.24157,29.9991,90.4831,0.012005,0.02125
25.03.14_100_0001_0148.JPG,37.2992601666667,127.030345333333,146.273,29.794,-3.68314,-6.4015,0.01154,0.02364
25.03.14_100_0001_0149.JPG,37.2993293333333,127.030399444444,146.251,25.8158,-15.8379,-29.4299,0.01091,0.02014
25.03.14_100_0001_0150.JPG,37.2993936111111,127.030454805556,146.332,25.3702,-16.5723,-31.0265,0.01196,0.02392
25.03.14_100_0001_0151.JPG,37.2994596111111,127.030508916667,146.303,25.6611,-16.0984,-29.992,0.0137,0.0253
25.03.14_100_0001_0152.JPG,37.2995243611111,127.030565527778,146.265,25.7388,-15.9683,-29.7107,0.01105,0.0203
25.03.14_100_0001_0153.JPG,37.2995896111111,127.030618027778,146.227,25.609,-16.1849,-30.1796,0.011145,0.02042
25.03.14_100_0001_0154.JPG,37.2996554722222,127.030674888889,146.212,25.5301,-16.3144,-30.4615,0.01018,0.02001
25.03.14_100_0001_0155.JPG,37.2997212777778,127.030729472222,146.225,25.6351,-16.1416,-30.0857,0.01125,0.02072
25.03.14_100_0001_0156.JPG,37.2997991111111,127.030725194444,146.236,30,0.00930951,0.0161246,0.010835,0.02038
25.03.14_100_0001_0157.JPG,37.2998781111111,127.030721305556,146.298,29.9797,1.15907,2.00825,0.011695,0.02278
25.03.14_100_0001_0158.JPG,37.2998939166667,127.030694694444,146.267,-19.8163,22.9955,132.688,0.011655,0.0229
25.03.14_100_0001_0159.JPG,37.29983,127.030639916667,146.305,-25.609,16.1849,149.82,0.01155,0.02285
25.03.14_100_0001_0160.JPG,37.2997644444444,127.030584055556,146.298,-25.6611,16.0984,150.008,0.011255,0.02238
25.03.14_100_0001_0161.JPG,37.2996989444444,127.030528388889,146.287,-25.4505,16.4435,149.256,0.01139,0.02257
25.03.14_100_0001_0162.JPG,37.2996344166667,127.030473472222,146.285,-25.5564,16.2713,149.632,0.01116,0.02093
25.03.14_100_0001_0163.JPG,37.2995681666667,127.030418583333,146.265,-25.4771,16.4006,149.35,0.011025,0.02029
25.03.14_100_0001_0164.JPG,37.2995017777778,127.030362722222,146.272,-25.6611,16.0984,150.008,0.010865,0.02001
25.03.14_100_0001_0165.JPG,37.2994366388889,127.03030875,146.28,-25.397,16.5294,149.068,0.010815,0.01985
25.03.14_100_0001_0166.JPG,37.2993718055556,127.030253583333,146.29,-25.635,16.1418,149.914,0.010695,0.01981
25.03.14_100_0001_0167.JPG,37.2993077777778,127.030196666667,146.243,-25.4504,16.4436,149.256,0.01112,0.02054
25.03.14_100_0001_0168.JPG,37.2992430277778,127.030139944444,146.252,-25.0695,17.0411,147.934,0.012625,0.02358
25.03.14_100_0001_0169.JPG,37.2992428611111,127.030044638889,146.211,-0.35691,29.9981,90.7138,0.01148,0.02049
25.03.14_100_0001_0170.JPG,37.2992583055556,127.029976611111,146.292,28.2571,10.5204,18.7631,0.010825,0.02004
25.03.14_100_0001_0171.JPG,37.2993255,127.030032694444,146.246,26.0918,-15.3566,-28.4032,0.011725,0.02087
25.03.14_100_0001_0172.JPG,37.2993924166667,127.030085638889,146.325,25.6089,-16.185,-30.1799,0.013095,0.02729
25.03.14_100_0001_0173.JPG,37.2994583888889,127.030142083333,146.249,25.53,-16.3145,-30.4618,0.012335,0.02151
25.03.14_100_0001_0174.JPG,37.2995232777778,127.030198166667,146.218,25.53,-16.3145,-30.4617,0.010655,0.02034
25.03.14_100_0001_0175.JPG,37.2995895277778,127.030251888889,146.242,25.6089,-16.185,-30.1798,0.01118,0.02017
25.03.14_100_0001_0176.JPG,37.2996533888889,127.030306972222,146.306,25.4771,-16.4006,-30.6498,0.01053,0.01982
25.03.14_100_0001_0177.JPG,37.2997172777778,127.030363083333,146.276,25.6611,-16.0984,-29.9921,0.011145,0.02024
25.03.14_100_0001_0178.JPG,37.2997832777778,127.030415694444,146.343,25.5827,-16.2282,-30.2737,0.011105,0.02075
25.03.14_100_0001_0179.JPG,37.2998480833333,127.030473472222,146.368,25.4771,-16.4005,-30.6497,0.011345,0.02187
25.03.14_100_0001_0180.JPG,37.2999134444444,127.030525388889,146.227,25.7646,-15.9249,-29.617,0.01112,0.02167
25.03.14_100_0001_0181.JPG,37.2999750277778,127.030587138889,146.222,25.7902,-15.8814,-29.5234,0.01169,0.02212
25.03.14_100_0001_0182.JPG,37.3000454166667,127.030640083333,146.342,25.7646,-15.9248,-29.617,0.011575,0.02192
25.03.14_100_0001_0183.JPG,37.3001094444444,127.03069325,146.287,25.4505,-16.4435,-30.7437,0.01155,0.02197
25.03.14_100_0001_0184.JPG,37.3001823333333,127.0306695,146.259,28.4322,9.99836,17.7796,0.01167,0.02208
25.03.14_100_0001_0185.JPG,37.3002465833333,127.030625555556,146.294,25.916,13.9814,28.2258,0.010935,0.02015
25.03.14_100_0001_0186.JPG,37.3001837222222,127.030572694444,146.313,-24.9859,17.1679,147.65,0.01116,0.02048
25.03.14_100_0001_0187.JPG,37.3001198888889,127.030518416667,146.282,-25.5301,16.3144,149.538,0.01057,0.01987
25.03.14_100_0001_0188.JPG,37.300055,127.030464166667,146.281,-25.5827,16.2282,149.726,0.010615,0.02038
25.03.14_100_0001_0189.JPG,37.2999899444444,127.030409861111,146.287,-25.5827,16.2282,149.726,0.011405,0.02067
25.03.14_100_0001_0190.JPG,37.2999250277778,127.030353833333,146.293,-25.6089,16.185,149.82,0.01067,0.01957
25.03.14_100_0001_0191.JPG,37.29985975,127.030299416667,146.277,-25.5564,16.2714,149.632,0.010945,0.02005
25.03.14_100_0001_0192.JPG,37.2997940833333,127.030243611111,146.292,-25.635,16.1418,149.914,0.01069,0.0195
25.03.14_100_0001_0193.JPG,37.2997281388889,127.030188277778,146.282,-25.5564,16.2714,149.632,0.011005,0.01984
25.03.14_100_0001_0194.JPG,37.2996632777778,127.0301335,146.267,-25.687,16.0552,150.102,0.011435,0.02051
25.03.14_100_0001_0195.JPG,37.2995987777778,127.030078055556,146.276,-25.53,16.3145,149.538,0.01073,0.01962
25.03.14_100_0001_0196.JPG,37.2995339444444,127.030023527778,146.268,-25.5035,16.3576,149.444,0.01227,0.02038
25.03.14_100_0001_0197.JPG,37.2994682777778,127.029969111111,146.28,-25.5564,16.2714,149.632,0.01101,0.02086
25.03.14_100_0001_0198.JPG,37.2994036944444,127.029914194444,146.277,-25.635,16.1418,149.914,0.015675,0.03163
25.03.14_100_0001_0199.JPG,37.2993376666667,127.029859611111,146.284,-25.635,16.1419,149.914,0.013955,0.03019
25.03.14_100_0001_0200.JPG,37.2992718055556,127.029804472222,146.264,-25.7387,15.9685,150.289,0.011265,0.0201
25.03.14_100_0001_0201.JPG,37.2992509444444,127.029721083333,146.203,-0.587697,29.9948,91.1755,0.011185,0.01997
25.03.14_100_0001_0202.JPG,37.2992506944444,127.029620972222,146.259,1.31696,29.9738,87.3654,0.010935,0.01961
25.03.14_100_0001_0203.JPG,37.2993059166667,127.029651472222,146.269,26.6381,-14.3351,-26.2715,0.011405,0.02016
25.03.14_100_0001_0204.JPG,37.2993701111111,127.029703722222,146.235,25.8157,-15.8381,-29.4303,0.01026,0.01906
25.03.14_100_0001_0205.JPG,37.2994354722222,127.02975675,146.283,25.6088,-16.1851,-30.1801,0.01069,0.01954
25.03.14_100_0001_0206.JPG,37.2995015555556,127.029811583333,146.314,25.5035,-16.3577,-30.556,0.011315,0.02004
25.03.14_100_0001_0207.JPG,37.2995666111111,127.029867305556,146.27,25.3969,-16.5296,-30.9326,0.01063,0.01945
25.03.14_100_0001_0208.JPG,37.29963225,127.029921166667,146.231,25.5035,-16.3576,-30.5559,0.01095,0.02536
25.03.14_100_0001_0209.JPG,37.2996976388889,127.029980305556,146.271,25.5826,-16.2283,-30.2739,0.01133,0.01999
25.03.14_100_0001_0210.JPG,37.2997630833333,127.030035055556,146.3,25.7129,-16.0118,-29.8047,0.011345,0.01985
25.03.14_100_0001_0211.JPG,37.29982825,127.030087722222,146.271,25.5035,-16.3576,-30.5558,0.010655,0.01932
25.03.14_100_0001_0212.JPG,37.2998930277778,127.030145194444,146.331,25.4237,-16.4866,-30.8382,0.010715,0.01925
25.03.14_100_0001_0213.JPG,37.2999574444444,127.030201916667,146.271,25.9424,-15.6197,-28.9626,0.01122,0.01992
25.03.14_100_0001_0214.JPG,37.30002325,127.030257861111,146.298,25.8412,-15.7943,-29.3364,0.010875,0.0194
25.03.14_100_0001_0215.JPG,37.3000894722222,127.030311611111,146.243,25.8158,-15.8379,-29.4299,0.01067,0.0192
25.03.14_100_0001_0216.JPG,37.3001551388889,127.0303655,146.229,25.5827,-16.2282,-30.2737,0.01064,0.01922
25.03.14_100_0001_0217.JPG,37.3002099166667,127.030400416667,146.275,23.8724,7.35135,18.0637,0.010585,0.01919
25.03.14_100_0001_0218.JPG,37.3001881388889,127.030301972222,146.233,-6.52055,29.3474,103.128,0.011085,0.0197
25.03.14_100_0001_0219.JPG,37.3001695833333,127.03020625,146.295,-7.35469,29.1662,104.834,0.01067,0.0191
25.03.14_100_0001_0220.JPG,37.30011,127.030144944444,146.265,-25.2073,16.8287,148.407,0.01286,0.02311
25.03.14_100_0001_0221.JPG,37.30004525,127.030090055556,146.308,-25.687,16.0552,150.102,0.010465,0.01944
25.03.14_100_0001_0222.JPG,37.2999792777778,127.030033333333,146.285,-25.5035,16.3576,149.444,0.01088,0.01998
25.03.14_100_0001_0223.JPG,37.2999141111111,127.029978555556,146.275,-25.5035,16.3576,149.444,0.00976,0.01913
25.03.14_100_0001_0224.JPG,37.2998491111111,127.029924666667,146.267,-25.7387,15.9685,150.289,0.01015,0.01933
25.03.14_100_0001_0225.JPG,37.2997839444444,127.029869888889,146.286,-25.3161,16.658,148.785,0.01051,0.01942
25.03.14_100_0001_0226.JPG,37.2997176666667,127.029813666667,146.308,-25.3701,16.5724,148.973,0.010415,0.01922
25.03.14_100_0001_0227.JPG,37.2996524166667,127.029759055556,146.307,-25.5035,16.3577,149.444,0.01158,0.02172
25.03.14_100_0001_0228.JPG,37.2995878888889,127.029703472222,146.294,-25.4237,16.4867,149.162,0.010535,0.01956
25.03.14_100_0001_0229.JPG,37.2995222777778,127.029647777778,146.267,-25.4769,16.4008,149.35,0.01098,0.0197
25.03.14_100_0001_0230.JPG,37.2994581388889,127.029593944444,146.254,-25.4503,16.4438,149.256,0.010645,0.02009
25.03.14_100_0001_0231.JPG,37.2993926388889,127.029540666667,146.305,-25.7387,15.9686,150.289,0.01097,0.0198
25.03.14_100_0001_0232.JPG,37.2993268611111,127.029483833333,146.281,-25.5563,16.2716,149.632,0.012705,0.02375
25.03.14_100_0001_0233.JPG,37.2992614722222,127.029429166667,146.269,-25.6088,16.1852,149.82,0.011775,0.02064
25.03.14_100_0001_0234.JPG,37.2992555555556,127.029331416667,146.234,-0.702994,29.9925,91.4061,0.010535,0.0193
25.03.14_100_0001_0235.JPG,37.2992569722222,127.029242222222,146.25,6.89071,29.2699,76.1163,0.010365,0.0191
25.03.14_100_0001_0236.JPG,37.2993214722222,127.029296138889,146.252,26.0422,-15.4446,-28.59,0.010565,0.02023
25.03.14_100_0001_0237.JPG,37.2993867777778,127.029349972222,146.27,25.4769,-16.4008,-30.6504,0.011045,0.01997
25.03.14_100_0001_0238.JPG,37.2994529166667,127.029405694444,146.283,25.4769,-16.4008,-30.6503,0.010365,0.0191
25.03.14_100_0001_0239.JPG,37.299517,127.029461694444,146.285,25.6349,-16.142,-30.0864,0.010695,0.01942
25.03.14_100_0001_0240.JPG,37.2995823055556,127.029517083333,146.255,25.5563,-16.2716,-30.3681,0.010945,0.01978
25.03.14_100_0001_0241.JPG,37.2996470277778,127.029571527778,146.238,25.5826,-16.2284,-30.2741,0.010355,0.01953
25.03.14_100_0001_0242.JPG,37.2997128611111,127.029627638889,146.254,25.687,-16.0553,-29.8987,0.010335,0.01944
25.03.14_100_0001_0243.JPG,37.2997770277778,127.029683,146.282,25.7644,-15.9251,-29.6175,0.01032,0.01908
25.03.14_100_0001_0244.JPG,37.29984325,127.029737166667,146.275,25.7644,-15.9251,-29.6175,0.01068,0.01944
25.03.14_100_0001_0245.JPG,37.2999075555556,127.029791166667,146.268,25.5035,-16.3577,-30.556,0.0117,0.02055
25.03.14_100_0001_0246.JPG,37.2999730277778,127.029844833333,146.288,25.477,-16.4007,-30.6501,0.01047,0.01918
25.03.14_100_0001_0247.JPG,37.3000384166667,127.029900361111,146.297,25.5826,-16.2283,-30.274,0.010075,0.01915
25.03.14_100_0001_0248.JPG,37.3001040277778,127.029958888889,146.3,25.661,-16.0986,-29.9923,0.010805,0.0196
25.03.14_100_0001_0249.JPG,37.3001107222222,127.029909055556,146.221,-2.89106,29.8733,95.7895,0.010555,0.01918
25.03.14_100_0001_0250.JPG,37.3000917222222,127.029814833333,146.249,-7.40989,29.1534,104.947,0.01041,0.01907
25.03.14_100_0001_0251.JPG,37.3000535833333,127.029734055556,146.278,-22.5598,20.3171,140.112,0.010835,0.01949
25.03.14_100_0001_0252.JPG,37.2999891388889,127.029677277778,146.274,-25.7387,15.9685,150.289,0.01084,0.0195
25.03.14_100_0001_0253.JPG,37.2999249722222,127.029622194444,146.261,-25.661,16.0986,150.008,0.010215,0.01897
25.03.14_100_0001_0254.JPG,37.2998596944444,127.029567833333,146.263,-25.6349,16.1419,149.914,0.010715,0.01956
25.03.14_100_0001_0255.JPG,37.2997948611111,127.029512083333,146.282,-25.661,16.0987,150.007,0.010695,0.01955
25.03.14_100_0001_0256.JPG,37.2997296111111,127.02945725,146.269,-25.5826,16.2284,149.726,0.0105,0.01917
25.03.14_100_0001_0257.JPG,37.29966375,127.029403222222,146.259,-25.5563,16.2716,149.632,0.010455,0.01923
25.03.14_100_0001_0258.JPG,37.2995989722222,127.029346361111,146.264,-25.6869,16.0554,150.101,0.01157,0.0219
25.03.14_100_0001_0259.JPG,37.29953375,127.029292472222,146.283,-25.5562,16.2716,149.632,0.011175,0.02001
25.03.14_100_0001_0260.JPG,37.2994694444444,127.029236944444,146.295,-25.6087,16.1853,149.82,0.01078,0.01938
25.03.14_100_0001_0261.JPG,37.2994037222222,127.029182,146.286,-25.5562,16.2716,149.632,0.010715,0.01926
25.03.14_100_0001_0262.JPG,37.29935575,127.029138138889,146.29,-1.10005,29.7829,91.69,0.01051,0.01951
25.03.14_100_0001_0263.JPG,37.2994373333333,127.029152527778,146.25,29.7995,-3.63381,-6.31517,0.01066,0.01929
25.03.14_100_0001_0264.JPG,37.2995154166667,127.029166833333,146.303,29.7343,-4.17993,-7.27224,0.010605,0.01928
25.03.14_100_0001_0265.JPG,37.2995927777778,127.029180305556,146.27,29.7768,-3.83252,-6.66304,0.010395,0.01903
25.03.14_100_0001_0266.JPG,37.2996630833333,127.029219916667,146.26,26.5691,-14.4696,-26.5487,0.01081,0.01946
25.03.14_100_0001_0267.JPG,37.2997290555556,127.029273722222,146.275,25.7644,-15.9252,-29.6177,0.010865,0.01961
25.03.14_100_0001_0268.JPG,37.2997941944444,127.029328277778,146.302,25.6869,-16.0554,-29.8988,0.01035,0.0191
25.03.14_100_0001_0269.JPG,37.2998585833333,127.029383083333,146.274,25.5563,-16.2716,-30.3682,0.01073,0.01946
25.03.14_100_0001_0270.JPG,37.299924,127.029438861111,146.271,25.5826,-16.2284,-30.2742,0.010585,0.0197
25.03.14_100_0001_0271.JPG,37.2999903055556,127.029493555556,146.288,25.5563,-16.2716,-30.3681,0.01056,0.0193
25.03.14_DJI_0002.JPG,37.30010675,127.030775861111,121.759,-23.3543,-39.6273,-124.098,0.015685,0.02817
25.03.14_DJI_0003.JPG,37.3000808888889,127.030815833333,124.185,-33.7157,-31.9397,-141.594,0.01479,0.02709
25.03.14_DJI_0004.JPG,37.3000582777778,127.030849138889,124.196,-33.7674,-31.8842,-141.692,0.01514,0.0273
25.03.14_DJI_0005.JPG,37.30003875,127.030877555556,124.179,-32.6497,-33.0345,-139.609,0.01418,0.02634
25.03.14_DJI_0006.JPG,37.300022,127.030902472222,124.25,-31.5828,-34.0447,-137.678,0.01502,0.02708
25.03.14_DJI_0007.JPG,37.3000101111111,127.030921861111,124.218,-30.0356,-35.3767,-134.962,0.01501,0.02765
25.03.14_DJI_0008.JPG,37.3000000277778,127.030938694444,124.213,-29.1601,-36.0682,-133.462,0.015825,0.028
25.03.14_DJI_0009.JPG,37.2999924166667,127.0309535,124.234,-31.5828,-34.0448,-137.678,0.015535,0.02783
25.03.14_DJI_0010.JPG,37.2999835833333,127.030969361111,124.234,-33.5594,-32.106,-141.299,0.01527,0.02742
25.03.14_DJI_0011.JPG,37.2999588333333,127.031004888889,124.208,-41.0623,-27.0158,-152.463,0.015205,0.02762
25.03.14_DJI_0012.JPG,37.2999450833333,127.031024166667,124.205,-40.2668,-28.3192,-150.75,0.01393,0.02582
25.03.14_DJI_0013.JPG,37.2999271666667,127.031045361111,124.217,-36.9386,-32.8169,-144.216,0.01453,0.02656
25.03.14_DJI_0014.JPG,37.2999095833333,127.031066611111,124.203,-37.6452,-31.9686,-145.535,0.014685,0.02685
25.03.14_DJI_0015.JPG,37.299891,127.031086277778,124.208,-41.0238,-27.0815,-152.378,0.01528,0.02748
25.03.14_DJI_0016.JPG,37.2998825833333,127.031099138889,124.222,-41.3282,-26.5548,-153.053,0.013885,0.02639
25.03.14_DJI_0017.JPG,37.2998625277778,127.031117111111,124.306,-45.0971,-17.9043,-162.966,0.01387,0.02657
25.03.14_DJI_0018.JPG,37.29986175,127.031116277778,124.283,-47.798,0.504589,179.542,0.01393,0.0274
25.03.14_DJI_0019.JPG,37.2998620555556,127.031116083333,124.279,-44.8249,18.7256,162.099,0.01317,0.02599
25.03.14_DJI_0020.JPG,37.2998382777778,127.031103138889,124.54,-44.2166,20.4086,160.283,0.012745,0.0255
25.03.14_DJI_0021.JPG,37.2998378611111,127.031099722222,124.527,-44.0819,20.7569,159.9,0.01334,0.02621
25.03.14_DJI_0022.JPG,37.2998289722222,127.031076138889,124.458,-43.9165,21.1737,159.438,0.01381,0.02665
25.03.14_DJI_0023.JPG,37.299822,127.031053555556,124.486,-43.9721,21.0349,159.592,0.01357,0.02639
25.03.14_DJI_0024.JPG,37.2998178611111,127.031028083333,124.485,-43.9443,21.1043,159.515,0.013645,0.02632
25.03.14_DJI_0025.JPG,37.2998159722222,127.031006361111,124.483,-43.8885,21.243,159.36,0.01362,0.02631
25.03.14_DJI_0026.JPG,37.2998131666667,127.030978555556,124.511,-43.8219,18.4157,161.78,0.013855,0.0265
25.03.14_DJI_0027.JPG,37.2998080555556,127.030957888889,124.514,-44.9305,14.7775,165.658,0.01352,0.02631
25.03.14_DJI_0028.JPG,37.2998126944444,127.030944388889,124.564,-46.343,-12.8643,-168.006,0.013895,0.02682
25.03.14_DJI_0029.JPG,37.2998110833333,127.03094375,125.821,-39.8282,-4.05678,-175.151,0.01356,0.02663
25.03.14_DJI_0030.JPG,37.29981275,127.030930638889,125.844,-39.995,0.694994,179.172,0.01308,0.02621
25.03.14_DJI_0031.JPG,37.2998135833333,127.030915444444,125.833,-39.3048,8.11205,170.22,0.013295,0.0263
25.03.14_DJI_0032.JPG,37.299815,127.030897138889,125.821,-38.8497,10.3818,167.389,0.01359,0.02637
25.03.14_DJI_0033.JPG,37.2998165277778,127.030878583333,125.799,-38.8497,10.3819,167.389,0.013675,0.02653
25.03.14_DJI_0034.JPG,37.2998196944444,127.030859138889,125.823,-38.8497,10.3819,167.389,0.01371,0.02651
25.03.14_DJI_0035.JPG,37.2998256388889,127.030842027778,125.805,-38.8065,10.57,167.151,0.013585,0.02635
25.03.14_DJI_0036.JPG,37.2998335277778,127.030813666667,125.852,-38.8065,10.57,167.151,0.012865,0.0257
25.03.14_DJI_0037.JPG,37.2998388888889,127.030789222222,125.843,-38.9199,10.068,167.784,0.013625,0.02636
25.03.14_DJI_0038.JPG,37.2998428055556,127.030771361111,125.825,-38.6097,11.383,166.118,0.01302,0.02611
25.03.14_DJI_0039.JPG,37.2998477222222,127.030754777778,125.823,-37.0505,16.295,159.612,0.013665,0.02647
25.03.14_DJI_0040.JPG,37.2998485555556,127.030753444444,125.839,-31.2506,26.3555,143.812,0.01353,0.02667
25.03.14_DJI_0041.JPG,37.2998478611111,127.030753222222,125.828,-7.08534,39.4716,101.063,0.01413,0.0274
25.03.14_DJI_0042.JPG,37.2998478888889,127.030752861111,125.826,0.319997,39.9989,89.5022,0.013725,0.02666
25.03.14_DJI_0043.JPG,37.2998476388889,127.030753222222,125.832,24.3746,32.7535,50.0553,0.01294,0.02603
25.03.14_DJI_0044.JPG,37.2998483611111,127.030754027778,125.819,35.43,19.9258,25.5955,0.013975,0.0269
25.03.14_DJI_0045.JPG,37.29984875,127.030754527778,125.805,38.9559,9.9029,12.0085,0.01312,0.02596
25.03.14_DJI_0046.JPG,37.2998608611111,127.030750638889,125.783,38.6352,11.2814,13.7528,0.014075,0.02724
25.03.14_DJI_0047.JPG,37.2998797222222,127.030743222222,125.764,37.7194,14.4351,17.8646,0.01399,0.02703
25.03.14_DJI_0048.JPG,37.2998970555556,127.030735694444,125.799,35.0372,20.6758,26.7277,0.01405,0.02716
25.03.14_DJI_0049.JPG,37.2999122222222,127.03072625,125.807,32.2589,25.0592,33.864,0.01294,0.02595
25.03.14_DJI_0050.JPG,37.2999275555556,127.030713611111,125.805,31.4035,26.1669,35.8426,0.01411,0.02708
25.03.14_DJI_0051.JPG,37.2999374444444,127.030703861111,125.808,30.5416,27.1963,37.7618,0.01337,0.02639
25.03.14_DJI_0052.JPG,37.2999518333333,127.030686638889,125.82,26.4604,31.1647,46.1162,0.01455,0.02831
25.03.14_DJI_0053.JPG,37.2999666944444,127.030668944444,125.816,37.8793,13.9447,17.2125,0.01398,0.02716
25.03.14_DJI_0054.JPG,37.2999684444444,127.030669333333,125.803,38.5238,11.7179,14.3112,0.0124,0.0242
25.03.14_DJI_0055.JPG,37.2999927222222,127.030633916667,125.836,36.9713,16.498,20.6689,0.012475,0.02426
25.03.14_DJI_0056.JPG,37.3000005555556,127.030596972222,125.827,36.3748,17.9315,22.6841,0.01228,0.02407
25.03.14_DJI_0057.JPG,37.3000116666667,127.030544305556,125.788,28.4309,29.4124,42.2107,0.012715,0.0245
25.03.14_DJI_0058.JPG,37.3000164444444,127.030513888889,125.809,-3.28185,39.8877,95.1096,0.011985,0.02357
25.03.14_DJI_0059.JPG,37.3000141666667,127.030498277778,125.852,-23.9835,33.025,129.225,0.011635,0.02353
25.03.14_DJI_0060.JPG,37.3000063333333,127.030485416667,125.84,-32.1147,25.2525,145.797,0.01243,0.0241
25.03.14_DJI_0061.JPG,37.2999915,127.030478138889,125.806,-20.274,35.2503,122.621,0.012075,0.02384
25.03.14_DJI_0062.JPG,37.2999795833333,127.030469972222,125.802,7.38157,39.4259,78.4704,0.011975,0.02321
25.03.14_DJI_0063.JPG,37.2999749444444,127.030453388889,125.837,8.75969,39.1872,76.2951,0.0113,0.02208
25.03.14_DJI_0064.JPG,37.2999755277778,127.030427361111,125.82,3.16757,39.8954,85.0686,0.010605,0.02062
25.03.14_DJI_0065.JPG,37.2999770555556,127.030415305556,125.809,29.1134,28.7385,40.8065,0.011025,0.02087
25.03.14_DJI_0066.JPG,37.2999873333333,127.030414194444,125.793,37.6861,-14.5347,-17.9977,0.01071,0.02049
25.03.14_DJI_0067.JPG,37.3000085,127.030422833333,125.773,37.9254,-13.7991,-17.0199,0.010615,0.02034
25.03.14_DJI_0068.JPG,37.3000383333333,127.030435305556,125.776,38.0774,-13.3066,-16.3714,0.010605,0.02037
25.03.14_DJI_0069.JPG,37.3000615555556,127.030447055556,125.807,37.964,-13.6761,-16.8575,0.010385,0.02008
25.03.14_DJI_0070.JPG,37.30009275,127.030462194444,125.809,37.4546,-15.2054,-18.8998,0.010275,0.02014
25.03.14_DJI_0071.JPG,37.3001233888889,127.030478222222,125.81,36.9801,-16.4757,-20.6381,0.01097,0.02074
25.03.14_DJI_0072.JPG,37.3001456388889,127.030490555556,125.802,36.9564,-16.5358,-20.7214,0.011005,0.02088
25.03.14_DJI_0073.JPG,37.3001694722222,127.030504083333,125.796,37.1659,-15.9934,-19.9733,0.01105,0.0212
25.03.14_DJI_0074.JPG,37.3001938055556,127.030519638889,125.792,37.2565,-15.7515,-19.6421,0.011685,0.02189
25.03.14_DJI_0075.JPG,37.3002322222222,127.030542027778,125.818,35.3222,-20.1359,-25.9105,0.01107,0.02079
25.03.14_DJI_0076.JPG,37.3002666111111,127.030565055556,125.833,18.7196,-36.0181,-60.047,0.010985,0.02109
25.03.14_DJI_0077.JPG,37.3003200277778,127.030583361111,125.845,9.91091,-38.9541,-74.4686,0.011625,0.02119
25.03.14_DJI_0078.JPG,37.3003431111111,127.030628805556,125.902,9.1112,-39.1194,-75.7383,0.0106,0.02025
25.03.14_DJI_0079.JPG,37.3003688055556,127.030674972222,125.855,9.35183,-39.0712,-75.3568,0.0109,0.02076
25.03.14_DJI_0080.JPG,37.3003887222222,127.030702555556,125.825,9.27171,-39.0874,-75.4839,0.01111,0.02081
25.03.14_DJI_0081.JPG,37.30040875,127.030723694444,125.8,9.27172,-39.0874,-75.4838,0.011135,0.02092
25.03.14_DJI_0082.JPG,37.3004259166667,127.030737527778,125.81,6.1012,-39.6094,-80.4824,0.012255,0.02202
25.03.14_DJI_0083.JPG,37.3004378055556,127.030750805556,125.843,-1.66177,-39.9713,-92.5858,0.01261,0.02244
25.03.14_DJI_0084.JPG,37.3004472222222,127.030767305556,125.85,-4.08406,-39.8258,-96.3614,0.012755,0.02243
25.03.14_DJI_0085.JPG,37.3004514444444,127.030781916667,125.817,-4.08405,-39.8258,-96.3613,0.013365,0.02286
25.03.14_DJI_0086.JPG,37.3004541111111,127.030792,125.819,-3.75109,-39.8532,-95.8416,0.012715,0.02231
25.03.14_DJI_0087.JPG,37.3004665555556,127.030814527778,125.858,-3.66777,-39.8596,-95.7116,0.01354,0.02291
25.03.14_DJI_0088.JPG,37.3004780833333,127.030834638889,125.82,-0.655552,-39.9955,-91.0199,0.013015,0.02269
25.03.14_DJI_0089.JPG,37.3004904722222,127.030853555556,125.779,3.61558,-39.8636,-84.3698,0.01378,0.0231
25.03.14_DJI_0090.JPG,37.3005041944444,127.030869444444,125.763,4.28141,-39.8085,-83.3305,0.013755,0.02332
25.03.14_DJI_0091.JPG,37.3005327222222,127.030885361111,125.777,0.267431,-39.9993,-89.5839,0.015075,0.02512
25.03.14_DJI_0092.JPG,37.3005410833333,127.030891611111,125.793,-1.74548,-39.9683,-92.7161,0.014885,0.02493
25.03.14_DJI_0093.JPG,37.3005629444444,127.030911888889,125.815,-1.32644,-39.9817,-92.0638,0.014905,0.02491
25.03.14_DJI_0094.JPG,37.30058775,127.030928944444,125.803,-1.49407,-39.9768,-92.3247,0.014895,0.0248
25.03.14_DJI_0095.JPG,37.3006199166667,127.030943055556,125.751,-1.57787,-39.9741,-92.4552,0.014815,0.02539
25.03.14_DJI_0096.JPG,37.3006232777778,127.030943194444,125.773,-5.82334,-39.6445,-99.0819,0.014505,0.0254
25.03.14_DJI_0097.JPG,37.3006233055556,127.030941944444,125.866,-36.8275,-16.8583,-158.83,0.01419,0.02516
25.03.14_DJI_0098.JPG,37.3006230277778,127.030941666667,125.815,-39.9959,0.630717,179.248,0.015005,0.02564
25.03.14_DJI_0099.JPG,37.3006229444444,127.03094075,125.848,-36.1463,18.4418,156.584,0.01529,0.02609
25.03.14_DJI_0100.JPG,37.3006228333333,127.030941194444,125.862,-29.5571,28.2793,140.123,0.014945,0.02587
25.03.14_DJI_0101.JPG,37.3006219722222,127.030939555556,125.858,-28.3501,29.4898,137.625,0.014495,0.02601
25.03.14_DJI_0102.JPG,37.3006149166667,127.030928166667,125.863,-25.9888,31.5459,132.978,0.014765,0.02523
25.03.14_DJI_0103.JPG,37.3006075277778,127.030915944444,125.846,-24.6878,32.5304,130.525,0.01447,0.02554
25.03.14_DJI_0104.JPG,37.3005986944444,127.030900444444,125.84,-24.6877,32.5304,130.525,0.01481,0.02531
25.03.14_DJI_0105.JPG,37.3005871388889,127.030876944444,125.813,-24.6877,32.5304,130.525,0.01466,0.02513
25.03.14_DJI_0106.JPG,37.3005768611111,127.030857,125.821,-23.805,33.1464,128.897,0.014985,0.02594
25.03.14_DJI_0107.JPG,37.30056575,127.030833583333,125.802,-23.5047,33.347,128.35,0.01503,0.02582
25.03.14_DJI_0108.JPG,37.3005537222222,127.030812972222,125.802,-24.8034,32.4467,130.741,0.01524,0.02552
25.03.14_DJI_0109.JPG,37.3005336111111,127.030796138889,125.829,-25.3745,32.0226,131.811,0.014775,0.02516
25.03.14_DJI_0110.JPG,37.3005086388889,127.030770861111,125.523,-29.369,28.4761,139.727,0.01355,0.0241
25.03.14_DJI_0111.JPG,37.30049275,127.030754638889,124.939,-32.8912,24.1776,147.654,0.014725,0.02429
25.03.14_DJI_0112.JPG,37.3004681111111,127.030733722222,124.232,-37.097,16.1744,159.778,0.012365,0.02213
25.03.14_DJI_0113.JPG,37.3004318611111,127.030715361111,124.192,-36.7142,17.1353,158.443,0.013,0.02257
25.03.14_DJI_0114.JPG,37.3004077777778,127.030708194444,124.206,-35.1408,20.4819,153.567,0.013435,0.02322
25.03.14_DJI_0115.JPG,37.3003905555556,127.030700805556,124.191,-32.3524,24.9324,146.357,0.01261,0.02244
25.03.14_DJI_0116.JPG,37.3003767777778,127.030680444444,123.849,-25.0332,32.2782,131.17,0.01259,0.02245
25.03.14_DJI_0117.JPG,37.3003613055556,127.030653138889,123.414,-26.2631,31.3258,133.504,0.011945,0.02183
25.03.14_DJI_0118.JPG,37.3003430277778,127.030625027778,123.102,-29.0832,28.7691,139.131,0.01184,0.0217
25.03.14_DJI_0119.JPG,37.3001124444444,127.030636555556,124.463,-38.3974,12.1924,165.078,0.010665,0.02035
25.03.14_DJI_0120.JPG,37.3001105833333,127.030635888889,124.424,-33.2991,23.577,148.661,0.011195,0.02086
25.03.14_DJI_0121.JPG,37.30009675,127.030622333333,124.389,-30.9513,26.7171,143.142,0.01108,0.02087
25.03.14_DJI_0122.JPG,37.3000996111111,127.0306225,124.418,0.236156,39.9994,89.6326,0.010395,0.0198
25.03.14_DJI_0123.JPG,37.3000981944444,127.030608361111,124.44,2.08062,39.9549,86.7621,0.01047,0.02003
25.03.14_DJI_0124.JPG,37.3000456944444,127.0305675,122.159,38.588,11.4685,13.9918,0.011095,0.02066
25.03.14_DJI_0125.JPG,37.3000427777778,127.030568194444,122.162,39.5317,6.67514,8.01745,0.010525,0.02063
25.03.14_DJI_0126.JPG,37.3000413333333,127.030567527778,122.178,35.16,20.4457,26.3781,0.011005,0.02071
25.03.14_DJI_0127.JPG,37.3000404444444,127.030568277778,122.195,34.398,21.8149,28.4914,0.011195,0.02117
25.03.14_DJI_0128.JPG,37.2999765555556,127.030604777778,122.177,32.8394,24.2521,32.4727,0.01099,0.02115
25.03.14_DJI_0129.JPG,37.2999809722222,127.030554166667,122.21,26.0234,31.5184,46.9563,0.011565,0.02244
25.03.14_DJI_0130.JPG,37.2999902777778,127.030530138889,122.192,13.6185,37.9819,68.5121,0.01162,0.02187
25.03.14_DJI_0131.JPG,37.2999920833333,127.030509277778,121.233,-9.59177,39.0219,105.024,0.011145,0.02105
25.03.14_DJI_0132.JPG,37.2999756944444,127.030488666667,120.73,-19.74,35.524,121.699,0.01042,0.02011
25.03.14_DJI_0133.JPG,37.2999753333333,127.030490388889,120.683,30.8486,26.8389,37.086,0.010675,0.0201
25.03.14_DJI_0134.JPG,37.2999404166667,127.030468583333,119.854,-25.2611,32.1083,131.598,0.01079,0.02015
25.03.14_DJI_0135.JPG,37.2999405833333,127.030465083333,119.847,-21.641,34.4991,125.011,0.011245,0.0207
25.03.14_DJI_0136.JPG,37.2999344444444,127.030450805556,119.825,-29.5101,28.3288,140.024,0.010585,0.01983
25.03.14_DJI_0137.JPG,37.2999341944444,127.030449305556,119.862,-36.1192,18.5009,156.498,0.010425,0.02052
25.03.14_DJI_0138.JPG,37.2999333888889,127.030449555556,119.865,-39.2137,8.61849,169.594,0.01067,0.02021
25.03.14_DJI_0139.JPG,37.2999339166667,127.030450472222,119.851,-39.8512,3.77668,175.488,0.01068,0.02007
